
8.01 0.0593 -0.0593 -0.0593 0.0593
EXPECTED: [ 48.25169 -51.97159  -0.1696 ]
LOCATION: [ 0.2032   0.      -2.06248] || FORCE: [-0.     -0.0126 -0.    ] || TORQUE: [-0.02598984  0.         -0.00256058]
LOCATION: [-0.2032   0.      -2.06248] || FORCE: [0.     0.0126 0.    ] || TORQUE: [ 0.02598984  0.         -0.00256058]
LOCATION: [ 0.       0.2032  -2.06248] || FORCE: [0.0126 0.     0.    ] || TORQUE: [ 0.         -0.02598984 -0.00256058]
LOCATION: [ 0.      -0.2032  -2.06248] || FORCE: [-0.0126 -0.     -0.    ] || TORQUE: [ 0.          0.02598984 -0.00256058]
CALCULATED: [ 4.671451e+01 -5.296871e+01 -1.024000e-02]







